[?25l[0m [38;2;0;0;0m                                                 [0m
 [38;2;0;0;0m                                                 [0m
 [38;2;0;0;0m                                                 [0m
 [38;2;0;0;0m                                                 [0m
 [38;2;0;0;0m                                                 [0m
 [38;2;0;0;0m          [7m[38;2;148;38;38m▀[0m[38;2;98;25;26m▖                                     [0m
 [38;2;0;0;0m        [38;2;98;25;26m▗[7m[38;2;190;49;49m▀[0m[38;2;132;34;34;48;2;187;48;49m▏[38;2;50;32;32;48;2;176;46;46m▂[0m[38;2;66;23;24m▅[7m[38;2;100;21;22m▀[0m[38;2;128;27;28m▃[0m [38;2;25;8;7m                                 [0m
 [38;2;0;0;0m       [38;2;178;46;48m▗[38;2;160;42;40;48;2;201;52;51m▔[38;2;133;123;123;48;2;182;52;52m▗[38;2;64;64;64;48;2;146;130;131m▂[38;2;148;149;149;48;2;81;81;81m▀[38;2;67;67;67;48;2;108;108;108m▅[38;2;81;75;76;48;2;49;39;39m▂[38;2;177;43;42;48;2;106;36;36m▐[0m[7m[38;2;154;38;41m▔[0m[38;2;86;24;26m▆[7m[38;2;134;36;37m▀[0m [38;2;164;164;164m▁[0m [38;2;12;12;12m               [7m[38;2;107;21;23m▋[0m[38;2;147;30;30m▅[38;2;128;29;29m▃[0m [38;2;60;15;19m         [0m
 [38;2;0;0;0m     [0m [38;2;177;47;45m▃[7m[38;2;183;47;46m▘[0m[38;2;197;50;49;48;2;154;37;37m▋[38;2;178;41;43;48;2;78;33;33m▖[38;2;47;47;47;48;2;81;81;81m▎[48;2;85;85;85m  [38;2;83;87;85m▔[38;2;82;67;67;48;2;168;47;49m▍[38;2;132;41;40;48;2;187;48;49m▘[38;2;103;33;34;48;2;198;51;51m▗[38;2;184;176;176;48;2;164;69;70m▆[38;2;188;184;187;48;2;205;205;205m▔[38;2;206;206;206m▔[38;2;105;105;105;48;2;195;195;195m▝[0m [38;2;109;30;33m▃[0m [38;2;67;66;67m            [7m[38;2;193;45;46m▊[0m[38;2;164;31;34;48;2;203;52;51m▔[38;2;202;51;50;48;2;160;33;34m▆[38;2;122;29;29;48;2;196;49;49m▔[0m[38;2;200;51;51m▅[0m [38;2;49;11;12m       [0m
 [38;2;0;0;0m     [0m [38;2;143;33;33m▀[7m[38;2;121;27;29m▖[0m[38;2;149;31;33;48;2;108;48;47m▋[38;2;137;136;137;48;2;73;33;34m▅[38;2;53;52;52;48;2;33;33;33m▂[38;2;76;76;76;48;2;31;30;30m▀[38;2;35;36;35;48;2;79;79;79m▖[0m[7m[38;2;85;84;84m▗[38;2;171;47;47m▖[0m[38;2;199;52;52;48;2;203;52;51m▔[38;2;203;52;51;48;2;174;49;49m▅[38;2;178;63;64;48;2;176;161;162m▆[38;2;182;56;56;48;2;198;197;198m▅[38;2;184;49;50;48;2;206;206;206m▅[38;2;189;50;49;48;2;103;102;102m▅[0m[38;2;187;49;50m▆[38;2;168;49;54;48;2;195;51;52m▕[38;2;106;46;47;48;2;85;77;78m▊[0m [38;2;51;51;51m       [0m [38;2;131;34;38m▂[38;2;183;47;48m▃[7m[38;2;195;50;50m▀[0m[38;2;198;51;51m▅[38;2;203;52;51;48;2;175;45;47m▃[38;2;173;47;49;48;2;202;52;50m▅[38;2;180;48;49;48;2;202;52;51m▂[38;2;180;36;33;48;2;200;50;51m▕[0m[38;2;141;28;35m▎       [0m
 [38;2;0;0;0m        [7m[38;2;119;25;28m▆[38;2;66;17;18m▃[0m[38;2;133;133;133;48;2;92;19;20m▔[38;2;149;29;29;48;2;56;46;48m▆[38;2;61;22;26;48;2;151;30;31m▔[0m[38;2;81;18;20m▅[0m [38;2;189;49;49m▀[7m[38;2;197;50;49m▂[38;2;168;75;76m▁[0m[38;2;188;49;51;48;2;202;52;51m▁[38;2;202;53;50;48;2;203;52;51m▁[38;2;203;51;50m▁[38;2;202;52;52m▁[38;2;206;52;49m▔[38;2;167;44;43;48;2;200;51;50m▝[0m[7m[38;2;133;33;35m▝[0m[38;2;85;18;25m▁[38;2;139;37;38m▂[38;2;172;45;46m▃[7m[38;2;187;48;48m▀[0m[38;2;178;47;48m▅[38;2;182;48;49m▆[7m[38;2;197;50;50m▔[0m[38;2;201;52;52;48;2;203;52;51m▏[38;2;195;51;52m▔[38;2;201;51;50;48;2;167;44;47m▆[38;2;108;25;27;48;2;188;48;48m▁[38;2;103;22;29;48;2;187;46;45m▖[38;2;201;51;50;48;2;148;31;32m▀[38;2;149;30;31;48;2;203;52;51m▅[38;2;153;30;32;48;2;202;52;52m▅[38;2;191;50;50;48;2;147;29;32m▀[0m[7m[38;2;159;41;42m▃[0m[38;2;121;29;30m▆[7m[38;2;135;35;36m▀[0m[38;2;160;44;45m▂[0m [38;2;68;19;20m   [0m
 [38;2;0;0;0m          [0m [7m[38;2;129;28;28m▅[0m[38;2;121;24;27m▀[0m [38;2;52;15;17m   [0m  [7m[38;2;162;41;43m▘[0m[38;2;202;52;51;48;2;171;43;45m▅[38;2;202;52;52;48;2;186;49;49m▅[38;2;204;51;51;48;2;191;50;50m▃[38;2;172;47;47;48;2;197;51;50m▗[38;2;177;46;48;48;2;196;51;51m▀[38;2;194;50;50;48;2;126;31;32m▅[38;2;147;90;90;48;2;180;46;47m▗[38;2;156;154;154;48;2;160;59;60m▖[38;2;202;53;55;48;2;203;52;51m▏[38;2;130;33;34;48;2;203;52;50m▁[0m[7m[38;2;201;50;49m▂[38;2;179;45;46m▃[0m[38;2;159;40;40m▀[7m[38;2;187;47;47m▆[0m[38;2;139;34;35m▔[0m [7m[38;2;180;42;43m▘[0m[38;2;182;42;42;48;2;157;30;31m▍[38;2;154;32;31;48;2;156;30;31m▏[38;2;154;32;30m▁[0m[7m[38;2;138;27;28m▗[0m[38;2;37;10;10m   [0m  [38;2;26;12;13m   [0m
 [38;2;0;0;0m   [0m [38;2;203;52;49m▖         [0m [38;2;127;34;36m▂[38;2;192;48;48m▃[38;2;189;49;50m▅[38;2;202;52;51;48;2;109;29;31m▆[38;2;205;51;50;48;2;203;52;51m▏  [38;2;206;50;51m▕[38;2;151;68;67;48;2;200;51;51m▝[38;2;197;51;51;48;2;127;108;107m▂[38;2;173;71;73;48;2;203;52;50m▘[38;2;202;52;49;48;2;203;52;51m▀[38;2;156;90;89;48;2;193;50;50m▔[0m[38;2;191;49;48m▃[38;2;93;26;28m▁     [0m [38;2;193;54;57m▔[38;2;131;27;34m▔[38;2;94;22;25m▔[38;2;99;19;25m▔[0m [38;2;34;7;9m        [0m
 [38;2;0;0;0m   [7m[38;2;145;36;38m▋[0m[38;2;203;48;51;48;2;203;52;51m▁[0m[7m[38;2;136;36;37m▝[0m [38;2;10;3;3m   [38;2;108;34;34m▁[38;2;193;51;52m▂[7m[38;2;194;50;49m▀[0m[38;2;192;49;49m▆[38;2;93;30;29;48;2;183;47;48m▔[38;2;176;46;48;48;2;205;51;50m▅[38;2;157;41;44;48;2;203;52;51m▃[38;2;187;51;49m▁[38;2;203;52;50m▁[38;2;141;33;35m▁[0m[7m[38;2;197;50;50m▂[38;2;186;48;47m▃[0m[38;2;151;32;34;48;2;204;51;51m▅[48;2;202;52;51m▅[38;2;200;50;49;48;2;146;29;31m▀[38;2;154;29;32;48;2;201;51;50m▃[38;2;163;33;34;48;2;202;51;51m▂[38;2;182;44;42;48;2;203;52;51m▁[38;2;204;52;50m▂[38;2;159;43;42m▔[0m[38;2;194;50;49m▅[38;2;150;39;39m▃[0m [38;2;17;6;6m                [0m
 [38;2;0;0;0m   [38;2;125;27;28m▐[38;2;168;40;39;48;2;110;25;28m▞[38;2;134;33;34;48;2;200;51;51m▖[0m[7m[38;2;188;48;49m▝[38;2;160;43;42m▀[0m[38;2;198;51;50m▅[7m[38;2;177;45;46m▔[0m[38;2;202;52;51;48;2;169;43;45m▀[38;2;149;39;39;48;2;201;51;51m▁[38;2;205;51;49;48;2;203;52;51m▁[38;2;203;51;51m▖[38;2;201;52;51m▕[0m[7m[38;2;198;50;50m▁[38;2;198;51;50m▃[0m[38;2;131;35;36m▀[7m[38;2;150;40;42m▆[0m [38;2;31;6;8m [0m [7m[38;2;148;31;32m▂[0m[38;2;95;25;29;48;2;180;42;41m▁[38;2;79;38;39;48;2;169;91;92m▃[38;2;150;150;150;48;2;55;53;53m▆[38;2;49;39;40;48;2;152;152;152m▀[0m[38;2;166;166;166m▂[7m[38;2;174;42;43m▆[38;2;194;48;48m▅[38;2;178;44;44m▃[38;2;191;48;49m▂[38;2;177;45;45m▁[38;2;188;49;49m▀[0m[38;2;119;32;33m▂              [0m
 [38;2;0;0;0m  [0m [7m[38;2;135;34;38m▀[0m[38;2;94;22;27;48;2;140;28;29m▖[38;2;156;31;32;48;2;119;26;27m▆[38;2;196;52;52;48;2;111;26;28m▐[38;2;203;52;52;48;2;163;43;44m▐[38;2;204;51;51;48;2;203;52;51m▁[38;2;201;53;48m▁[38;2;179;46;50;48;2;204;52;50m▁[0m[7m[38;2;188;48;48m▂[38;2;144;39;40m▃[38;2;178;45;46m▅[0m[38;2;135;38;39m▔          [38;2;48;48;48m▝[38;2;149;149;149m▀[7m[38;2;141;141;141m▅[38;2;153;153;153m▃[0m[38;2;150;150;150m▅[38;2;166;166;166m▃[0m [38;2;83;83;83m [38;2;87;28;30m▔[7m[38;2;177;46;47m▆[0m [38;2;76;20;22m             [0m
 [38;2;0;0;0m   [0m [38;2;79;20;24m▝[38;2;142;29;31;48;2;117;25;28m▃[38;2;89;22;24;48;2;192;51;51m▋[38;2;175;44;46;48;2;197;53;51m▋[0m[7m[38;2;201;51;52m▗[38;2;157;38;39m▅[0m [38;2;82;19;23m                  [0m [7m[38;2;133;133;133m▆[0m[38;2;167;167;167m▀[38;2;123;123;123m▆[7m[38;2;157;157;157m▀[0m[38;2;135;135;135m▁              [0m
 [38;2;0;0;0m    [7m[38;2;104;23;24m▍[0m[38;2;102;21;24;48;2;157;31;32m▀[38;2;107;24;27;48;2;144;31;34m▅[38;2;138;30;32;48;2;185;46;48m▅[38;2;149;41;40;48;2;178;44;45m▔[0m[38;2;194;49;48m▖                       [38;2;103;103;103m▔[7m[38;2;173;173;173m▅[38;2;123;123;123m▂[38;2;158;158;158m▀[0m[38;2;143;143;143m▂[0m [38;2;6;6;6m          [0m
 [38;2;0;0;0m    [0m [7m[38;2;121;27;26m▅[0m[38;2;152;30;32;48;2;68;15;18m▘[0m[7m[38;2;145;29;32m▕[0m [38;2;137;33;35m▀[7m[38;2;86;23;24m▝[0m[38;2;6;2;2m                         [0m [7m[38;2;169;169;169m▆[38;2;135;135;135m▃[0m[38;2;129;129;129m▅[38;2;177;177;177m▂[0m [38;2;44;44;44m       [0m
 [38;2;0;0;0m      [0m [7m[38;2;111;23;27m▆[0m [38;2;32;6;10m                               [7m[38;2;107;107;107m▆[0m[38;2;146;146;146m▀[38;2;102;102;102m▆[0m [38;2;62;62;62m     [0m
 [38;2;0;0;0m                                                 [0m
 [38;2;0;0;0m                                                 [0m
 [38;2;0;0;0m                                                 [0m
 [38;2;0;0;0m                                                 [0m
 [38;2;0;0;0m                                                 [0m
[?25h